New Attempt
Kp:  0.01
Ki:  0.001
Kd:  0.009
Time, Altitude
16457065.2752163, 73.4863891601563
16457067.2752162, 290.427947998047
16457069.2752162, 574.861755371094
16457071.2752161, 808.610107421875
16457073.2752161, 993.7060546875
16457075.2752161, 1134.0771484375
16457077.275216, 1232.39147949219
16457079.275216, 1290.49499511719
16457081.2752159, 1309.34045410156
16457083.2752159, 1289.36108398438
16457085.2752158, 1230.90246582031
16457087.2752158, 1134.8740234375
16457089.2752157, 1002.83563232422
16457091.2752157, 836.771179199219
16457093.2752157, 639.159362792969
16457095.2752156, 442.447082519531
16457097.2752156, 390.117248535156
16457099.2752155, 472.592742919922
16457101.2752155, 548.329345703125
16457103.2752154, 584.262756347656
16457105.2752154, 581.120056152344
16457107.2752153, 539.203796386719
16457109.2752153, 473.936248779297
16457111.2752152, 460.657257080078
16457113.2752152, 491.207916259766
16457115.2752152, 506.873016357422
16457117.2752151, 498.1845703125
16457119.2752151, 490.680328369141
16457121.275215, 494.366027832031
16457123.275215, 499.575347900391
16457125.2752149, 499.760162353516
16457127.2752149, 498.124664306641
16457129.2752148, 498.284454345703
16457131.2752148, 499.473602294922
16457133.2752148, 499.955322265625
16457135.2752147, 499.796691894531
16457137.2752147, 499.789825439453
16457139.2752146, 500.038818359375
16457141.2752146, 500.223175048828
16457143.2752145, 500.259613037109
16457145.2752145, 500.280029296875
16457147.2752144, 500.341400146484
16457149.2752144, 500.398956298828
16457151.2752144, 500.426605224609
16457153.2752143, 500.442535400391
16457155.2752143, 500.46142578125
16457157.2752142, 500.478668212891
16457159.2752142, 500.489410400391
16457161.2752141, 500.495880126953
16457163.2752141, 500.501312255859
16457165.275214, 500.505584716797
16457167.275214, 500.507904052734
16457169.275214, 500.5087890625
16457171.2752139, 500.508972167969
16457173.2752139, 500.508453369141
16457175.2752138, 500.50732421875
16457177.2752138, 500.505706787109
16457179.2752137, 500.503692626953
16457181.2752137, 500.501373291016
16457183.2752136, 500.498809814453
16457185.2752136, 500.496185302734
16457187.2752135, 500.493225097656
16457189.2752135, 500.490295410156
16457191.2752135, 500.487213134766
16457193.2752134, 500.484039306641
16457195.2752134, 500.480926513672
16457197.2752133, 500.477752685547
16457199.2752133, 500.474517822266
16457201.2752132, 500.471282958984
16457203.2752132, 500.480682373047
16457205.2752131, 500.463592529297
16457207.2752131, 500.455139160156
16457209.2752131, 500.45703125
16457211.275213, 500.455535888672
16457213.275213, 500.450988769531
16457215.2752129, 500.447570800781

New Attempt
Kp:  0.01
Ki:  0.0001
Kd:  0.005
Time, Altitude
16457065.5952163, 73.4706649780273
16457067.5952162, 290.443634033203
16457069.5952162, 597.895874023438
16457071.5952161, 858.06201171875
16457073.5952161, 1067.29602050781
16457075.595216, 1230.06066894531
16457077.595216, 1349.59777832031
16457079.595216, 1428.13403320313
16457081.5952159, 1467.01721191406
16457083.5952159, 1466.89294433594
16457085.5952158, 1428.10314941406
16457087.5952158, 1351.24060058594
16457089.5952157, 1237.50573730469
16457091.5952157, 1088.62878417969
16457093.5952156, 906.866027832031
16457095.5952156, 694.779602050781
16457097.5952156, 460.462066650391
16457099.5952155, 331.826416015625
16457101.5952155, 375.849426269531
16457103.5952154, 531.434448242188
16457105.5952154, 653.297058105469
16457107.5952153, 733.577026367188
16457109.5952153, 773.930480957031
16457111.5952152, 775.212646484375
16457113.5952152, 737.718872070313
16457115.5952152, 662.159973144531
16457117.5952151, 549.959655761719
16457119.5952151, 432.072845458984
16457121.595215, 438.995849609375
16457123.595215, 512.222595214844
16457125.5952149, 551.627319335938
16457127.5952149, 551.8935546875
16457129.5952148, 513.378295898438
16457131.5952148, 460.208709716797
16457133.5952147, 465.775482177734
16457135.5952147, 497.951782226563
16457137.5952147, 498.308532714844
16457139.5952146, 477.785125732422
16457141.5952146, 476.379119873047
16457143.5952145, 488.856781005859
16457145.5952145, 490.544860839844
16457147.5952144, 484.038665771484
16457149.5952144, 483.672912597656
16457151.5952143, 487.9873046875
16457153.5952143, 488.727264404297
16457155.5952143, 486.859588623047
16457157.5952142, 487.074920654297
16457159.5952142, 488.675445556641
16457161.5952141, 489.031951904297
16457163.5952141, 488.666076660156
16457165.595214, 489.025054931641
16457167.595214, 489.722747802734
16457169.5952139, 489.982421875
16457171.5952139, 490.082183837891
16457173.5952139, 490.425018310547
16457175.5952138, 490.819305419922
16457177.5952138, 491.065185546875
16457179.5952137, 491.290344238281
16457181.5952137, 491.587219238281
16457183.5952136, 491.875091552734
16457185.5952136, 492.116058349609
16457187.5952135, 492.358947753906
16457189.5952135, 492.616424560547
16457191.5952135, 492.860931396484
16457193.5952134, 493.090789794922
16457195.5952134, 493.320770263672
16457197.5952133, 493.549133300781
16457199.5952133, 493.768646240234
16457201.5952132, 493.764739990234
16457203.5952132, 494.330535888672
16457205.5952131, 494.475311279297
16457207.5952131, 494.512817382813
16457209.5952131, 494.777893066406
16457211.595213, 495.032501220703
16457213.595213, 495.169281005859
16457215.5952129, 495.334381103516

New Attempt
Kp:  0.01
Ki:  0.001
Kd:  0.005
Time, Altitude
16457065.9152163, 73.4701232910156
16457067.9152162, 290.440002441406
16457069.9152162, 599.462524414063
16457071.9152161, 861.815979003906
16457073.9152161, 1073.07067871094
16457075.915216, 1237.6669921875
16457077.915216, 1358.93029785156
16457079.9152159, 1439.12854003906
16457081.9152159, 1479.65795898438
16457083.9152159, 1481.16625976563
16457085.9152158, 1443.96618652344
16457087.9152158, 1368.66394042969
16457089.9152157, 1256.43627929688
16457091.9152157, 1108.9951171875
16457093.9152156, 928.54052734375
16457095.9152156, 717.641723632813
16457097.9152155, 481.441101074219
16457099.9152155, 334.711791992188
16457101.9152155, 360.3779296875
16457103.9152154, 518.394409179688
16457105.9152154, 652.783447265625
16457107.9152153, 744.9072265625
16457109.9152153, 796.738403320313
16457111.9152152, 809.328125
16457113.9152152, 783.050659179688
16457115.9152151, 718.470397949219
16457117.9152151, 616.747436523438
16457119.9152151, 482.0595703125
16457121.915215, 416.540557861328
16457123.915215, 494.952239990234
16457125.9152149, 575.604431152344
16457127.9152149, 616.263549804688
16457129.9152148, 617.748901367188
16457131.9152148, 580.454895019531
16457133.9152147, 505.292327880859
16457135.9152147, 443.372283935547
16457137.9152147, 479.978393554688
16457139.9152146, 532.825500488281
16457141.9152146, 547.197692871094
16457143.9152145, 522.619689941406
16457145.9152145, 470.853363037109
16457147.9152144, 467.031921386719
16457149.9152144, 505.59619140625
16457151.9152143, 516.961853027344
16457153.9152143, 490.937133789063
16457155.9152143, 469.780853271484
16457157.9152142, 490.061492919922
16457159.9152142, 507.019958496094
16457161.9152141, 495.575073242188
16457163.9152141, 486.986602783203
16457165.915214, 496.808715820313
16457167.915214, 503.336273193359
16457169.9152139, 497.576507568359
16457171.9152139, 494.736755371094
16457173.9152138, 499.536071777344
16457175.9152138, 501.550750732422
16457177.9152138, 498.751251220703
16457179.9152137, 498.198913574219
16457181.9152137, 500.406768798828
16457183.9152136, 500.743835449219
16457185.9152136, 499.519805908203
16457187.9152135, 499.674163818359
16457189.9152135, 500.567962646484
16457191.9152134, 500.440551757813
16457193.9152134, 500.002563476563
16457195.9152134, 500.240203857422
16457197.9152133, 500.526245117188
16457199.9152133, 500.073181152344
16457201.9152132, 500.428131103516
16457203.9152132, 500.553863525391
16457205.9152131, 500.335876464844
16457207.9152131, 500.331268310547
16457209.915213, 500.477416992188
16457211.915213, 500.453948974609
16457213.915213, 500.381286621094
16457215.9152129, 500.420043945313

